: 165 7 5
: 202 13 5
: 216 10 8
: 227 9 5
: 279 22 6
: 302 25 3
: 327 14 5
: 341 6 10
: 347 13 8
: 361 23 5
: 384 18 3
: 403 30 1
: 434 19 5
: 454 9 6
: 463 36 5
: 507 12 5
: 524 7 3
: 539 9 5
: 561 40 1
: 602 5 5
: 608 9 6
: 618 22 5
: 648 10 5
: 658 4 4
: 663 23 5
: 687 12 10
: 699 20 3
: 720 16 1
: 736 5 2
: 741 3 5
: 754 18 5
: 772 4 6
: 777 17 5
: 805 5 5
: 831 10 1
: 850 22 1
: 877 23 5
: 901 30 1
: 931 6 3
: 938 15 5
: 961 6 5
: 984 12 5
: 997 13 10
: 1011 6 8
: 1017 19 3
: 1036 41 1
: 1078 4 5
: 1083 8 6
: 1092 13 5
: 1119 23 5
: 1143 36 1
: 1183 11 5
: 1202 6 5
: 1208 14 6
: 1223 6 1
: 1233 22 4
: 1256 17 5
: 1322 4 8
: 1327 4 10
: 1331 6 8
: 1338 5 6
: 1343 10 4
: 1354 28 6
: 1414 4 5
: 1430 45 5
: 1476 4 1
: 1480 3 3
: 1484 14 5
: 1514 41 1
: 1556 3 5
: 1560 5 6
: 1566 15 5
: 1594 5 5
: 1618 11 5
: 1630 4 8
: 1637 15 10
: 1653 10 3
: 1679 25 1
: 1730 9 5
: 1743 11 3
: 1755 9 5
: 1800 9 9
: 1810 17 3
: 1828 42 1
: 1870 11 5
: 1882 3 6
: 1885 8 5
: 1907 41 5
: 1949 14 10
: 1963 5 8
: 1968 9 3
: 1988 4 1
: 2028 3 6
: 2031 4 5
: 2036 7 6
: 2043 10 5
: 2066 51 5
: 2118 14 6
: 2132 3 1
: 2146 68 1
: 2214 53 5
: 2267 11 10
: 2279 13 8
: 2292 3 10
: 2344 16 10
: 2396 27 10
: 2447 4 5
: 2464 4 1
: 2493 14 1
: 2507 5 3
: 2513 13 1
: 2526 19 5
: 2551 28 10
: 2580 47 3
: 2628 62 10
: 2690 2 9
: 2693 28 10
: 2721 48 5
: 2770 64 1
: 2840 25 1
: 2870 6 10
: 2889 26 10
: 2916 10 8
: 2926 52 1
: 2987 30 10
: 3018 3 3
: 3022 38 5
: 3060 23 2
: 3084 4 3
: 3088 19 1
: 3108 18 5
: 3143 9 2
: 3152 12 3
: 3165 2 4
: 3168 47 5
: 3216 34 3
: 3278 25 5
: 3303 12 1
: 3316 8 5
: 3325 14 4
: 3340 5 5
: 3383 15 10
: 3399 3 3
: 3426 22 1
: 3468 6 4
: 3475 10 1
: 3490 10 1
: 3501 47 7
: 3551 31 11
: 3595 7 5
: 3611 4 3
: 3616 7 5
: 3630 19 4
: 3659 91 1
