nan
nan
nan
nan
nan
117.21605517913326
113.87914162255151
111.9227661312955
108.1102658399776
107.48759652776705
109.99999999999999
112.57112811964524
111.9227661312955
108.1102658399776
108.1102658399776
nan
nan
nan
nan
nan
nan
112.57112811964524
109.99999999999999
109.99999999999999
109.99999999999999
109.99999999999999
109.99999999999999
109.99999999999999
109.99999999999999
110.63722351746388
109.99999999999999
108.1102658399776
109.99999999999999
109.99999999999999
110.63722351746388
109.99999999999999
113.87914162255151
113.87914162255151
111.27813843321147
110.63722351746388
109.99999999999999
110.63722351746388
110.63722351746388
109.99999999999999
109.99999999999999
110.63722351746388
110.63722351746388
111.27813843321147
113.22324603078411
114.5388367788287
115.20235351026894
114.5388367788287
113.87914162255151
113.87914162255151
114.5388367788287
113.87914162255151
113.87914162255151
113.87914162255151
113.87914162255151
115.86971395503193
116.54094037952247
116.54094037952247
122.05264192746294
114.5388367788287
90.38593460443693
86.30425076864258
88.83315834800462
88.83315834800462
87.30705785825097
86.30425076864258
nan
112.57112811964524
109.99999999999999
111.9227661312955
111.9227661312955
112.57112811964524
110.63722351746388
106.252996181733
108.1102658399776
107.48759652776705
108.1102658399776
110.63722351746388
113.22324603078411
119.26495573315601
113.87914162255151
113.87914162255151
112.57112811964524
107.48759652776705
111.27813843321147
113.22324603078411
nan
nan
nan
nan
nan
nan
nan
109.99999999999999
112.57112811964524
112.57112811964524
109.99999999999999
109.99999999999999
109.99999999999999
109.99999999999999
109.99999999999999
108.1102658399776
106.252996181733
108.1102658399776
108.1102658399776
108.1102658399776
nan
nan
nan
nan
nan
nan
nan
nan
nan
nan
nan
nan
nan
nan
nan
nan
nan
nan
nan
nan
nan
nan
nan
nan
nan
nan
nan
nan
nan
nan
nan
nan
nan
nan
nan
nan
nan
nan
nan
nan
nan
nan
nan
nan
nan
nan
nan
nan
nan
nan
nan
nan
nan
nan
nan
nan
nan
nan
nan
nan
nan
nan
nan
nan
nan
nan
nan
nan
nan
nan
nan
nan
nan
82.40688922821748
79.59980805922079
74.69948441050268
71.73936383710603
71.32617550580554
69.29565774421802
68.89654412432702
69.6970834057884
71.73936383710603
72.99334582862124
74.26924703925044
nan
nan
nan
nan
nan
nan
81.93226047174862
84.82159539743674
84.33305895682803
81.93226047174862
82.40688922821748
82.40688922821748
82.88426748110167
82.88426748110167
82.88426748110167
81.93226047174862
nan
nan
nan
86.30425076864258
89.3477635991859
91.96585291173604
92.4986056779086
92.4986056779086
91.96585291173604
92.4986056779086
92.4986056779086
92.4986056779086
92.4986056779086
91.96585291173604
90.38593460443693
88.32151700497141
88.32151700497141
88.83315834800462
88.83315834800462
86.30425076864258
86.30425076864258
88.32151700497141
88.32151700497141
89.3477635991859
89.86534992826049
86.30425076864258
85.80717486147108
83.8473362790669
82.88426748110167
82.40688922821748
80.9911881955289
80.9911881955289
83.8473362790669
86.30425076864258
83.8473362790669
84.33305895682803
92.4986056779086
93.03444464945933
93.03444464945933
91.96585291173604
91.96585291173604
92.4986056779086
92.4986056779086
92.4986056779086
92.4986056779086
92.4986056779086
93.03444464945933
92.4986056779086
91.96585291173604
91.43616857570666
93.57338770459413
92.4986056779086
88.83315834800462
84.82159539743674
84.33305895682803
83.3644111580719
82.88426748110167
82.88426748110167
82.88426748110167
82.88426748110167
82.88426748110167
83.3644111580719
83.3644111580719
83.8473362790669
87.81282249923149
89.3477635991859
90.38593460443693
91.43616857570666
91.96585291173604
91.96585291173604
93.03444464945933
93.03444464945933
92.4986056779086
92.4986056779086
92.4986056779086
91.96585291173604
91.96585291173604
90.90953499696329
87.81282249923149
86.30425076864258
88.32151700497141
89.86534992826049
89.86534992826049
87.30705785825097
86.30425076864258
86.30425076864258
83.8473362790669
83.8473362790669
83.3644111580719
82.88426748110167
82.88426748110167
82.88426748110167
82.88426748110167
82.88426748110167
82.88426748110167
86.30425076864258
89.3477635991859
91.43616857570666
91.96585291173604
92.4986056779086
92.4986056779086
92.4986056779086
91.96585291173604
92.4986056779086
92.4986056779086
91.96585291173604
91.96585291173604
91.43616857570666
90.90953499696329
89.86534992826049
89.3477635991859
88.83315834800462
88.32151700497141
85.80717486147108
84.33305895682803
83.3644111580719
82.88426748110167
82.88426748110167
82.88426748110167
83.3644111580719
83.3644111580719
83.3644111580719
82.88426748110167
80.5247132770094
90.38593460443693
88.32151700497141
88.32151700497141
93.57338770459413
93.57338770459413
93.57338770459413
92.4986056779086
91.96585291173604
91.43616857570666
91.43616857570666
90.38593460443693
90.38593460443693
91.43616857570666
90.90953499696329
90.38593460443693
88.32151700497141
86.80420620725057
88.83315834800462
88.83315834800462
88.83315834800462
87.81282249923149
85.3129619008554
83.3644111580719
82.88426748110167
82.40688922821748
81.46036537576103
80.5247132770094
79.1413469005951
82.40688922821748
79.59980805922079
79.1413469005951
70.91536696417685
72.57293509250918
73.84148765291448
73.84148765291448
73.84148765291448
73.84148765291448
73.84148765291448
73.4161919793519
72.99334582862124
74.69948441050268
76.00520839822768
77.33375603922921
79.59980805922079
73.4161919793519
76.88834637984607
81.93226047174862
83.8473362790669
83.8473362790669
83.8473362790669
82.40688922821748
81.93226047174862
81.46036537576103
81.93226047174862
81.93226047174862
82.40688922821748
82.40688922821748
82.40688922821748
82.88426748110167
83.3644111580719
82.88426748110167
81.46036537576103
80.0609250563203
78.23233100085048
76.88834637984607
78.23233100085048
78.68552628393921
78.23233100085048
77.78174593052022
76.00520839822768
73.84148765291448
72.57293509250918
72.57293509250918
72.57293509250918
72.99334582862124
73.4161919793519
74.26924703925044
74.26924703925044
73.84148765291448
73.84148765291448
73.4161919793519
73.4161919793519
73.4161919793519
73.84148765291448
75.13221412149176
74.26924703925044
73.84148765291448
73.84148765291448
73.84148765291448
73.84148765291448
73.84148765291448
73.4161919793519
74.26924703925044
76.00520839822768
70.50692450564009
68.10519982075922
69.6970834057884
69.29565774421802
68.89654412432702
69.29565774421802
69.6970834057884
71.32617550580554
71.73936383710603
70.91536696417685
70.10083450255941
68.89654412432702
68.49972922973525
68.89654412432702
69.29565774421802
71.32617550580554
nan
86.80420620725057
87.81282249923149
87.30705785825097
86.80420620725057
83.8473362790669
83.3644111580719
82.88426748110167
82.88426748110167
82.40688922821748
82.88426748110167
85.80717486147108
88.83315834800462
90.90953499696329
92.4986056779086
94.6606580968763
91.96585291173604
91.96585291173604
91.96585291173604
91.96585291173604
92.4986056779086
93.03444464945933
93.03444464945933
93.57338770459413
89.3477635991859
83.8473362790669
82.88426748110167
80.5247132770094
80.0609250563203
81.93226047174862
84.82159539743674
85.80717486147108
85.3129619008554
84.33305895682803
82.88426748110167
82.40688922821748
81.93226047174862
81.93226047174862
81.46036537576103
79.1413469005951
77.78174593052022
77.33375603922921
77.78174593052022
81.46036537576103
83.8473362790669
nan
94.6606580968763
94.11545282508624
93.03444464945933
92.4986056779086
91.43616857570666
91.43616857570666
91.43616857570666
91.43616857570666
90.38593460443693
88.32151700497141
84.82159539743674
82.88426748110167
83.3644111580719
82.88426748110167
82.88426748110167
82.88426748110167
82.40688922821748
81.93226047174862
81.46036537576103
80.9911881955289
80.9911881955289
81.46036537576103
81.93226047174862
82.88426748110167
83.8473362790669
83.8473362790669
83.8473362790669
82.88426748110167
83.3644111580719
85.80717486147108
90.38593460443693
90.90953499696329
91.43616857570666
91.96585291173604
91.96585291173604
92.4986056779086
92.4986056779086
91.43616857570666
87.81282249923149
87.30705785825097
90.38593460443693
90.38593460443693
91.96585291173604
93.57338770459413
nan
91.43616857570666
88.83315834800462
88.32151700497141
89.3477635991859
89.3477635991859
85.3129619008554
83.8473362790669
82.88426748110167
82.40688922821748
81.93226047174862
82.40688922821748
82.40688922821748
81.93226047174862
81.93226047174862
83.3644111580719
88.32151700497141
92.4986056779086
93.03444464945933
92.4986056779086
92.4986056779086
92.4986056779086
92.4986056779086
92.4986056779086
92.4986056779086
91.96585291173604
91.43616857570666
88.83315834800462
87.81282249923149
81.93226047174862
79.1413469005951
80.5247132770094
86.80420620725057
87.81282249923149
88.32151700497141
86.80420620725057
83.8473362790669
82.40688922821748
82.40688922821748
82.40688922821748
82.40688922821748
82.40688922821748
82.88426748110167
82.88426748110167
82.88426748110167
81.93226047174862
83.3644111580719
84.33305895682803
89.3477635991859
90.90953499696329
91.43616857570666
91.96585291173604
92.4986056779086
93.03444464945933
93.03444464945933
93.03444464945933
93.03444464945933
93.03444464945933
92.4986056779086
92.4986056779086
92.4986056779086
92.4986056779086
92.4986056779086
91.96585291173604
91.43616857570666
91.43616857570666
90.90953499696329
88.32151700497141
87.30705785825097
86.30425076864258
84.33305895682803
80.5247132770094
79.59980805922079
80.0609250563203
82.88426748110167
83.3644111580719
83.8473362790669
72.15494574405967
71.73936383710603
70.91536696417685
70.10083450255941
70.10083450255941
70.50692450564009
72.15494574405967
72.99334582862124
nan
nan
nan
nan
nan
nan
nan
82.88426748110167
83.3644111580719
83.3644111580719
82.88426748110167
82.40688922821748
82.40688922821748
82.40688922821748
82.40688922821748
82.40688922821748
82.88426748110167
82.40688922821748
82.88426748110167
82.40688922821748
81.93226047174862
81.46036537576103
81.93226047174862
82.88426748110167
83.3644111580719
nan
79.1413469005951
76.88834637984607
75.5674506101949
73.4161919793519
72.57293509250918
72.57293509250918
72.99334582862124
73.4161919793519
73.4161919793519
72.99334582862124
72.99334582862124
72.99334582862124
72.57293509250918
71.73936383710603
73.84148765291448
nan
nan
nan
nan
nan
nan
nan
nan
nan
nan
nan
nan
nan
71.32617550580554
67.7129427339704
66.93519325188251
66.54967490706109
66.16637698451642
65.40639132514966
65.40639132514966
66.16637698451642
71.73936383710603
73.84148765291448
75.13221412149176
nan
88.32151700497141
108.73654223881857
95.76056196257365
96.31529725464738
96.87324609557632
97.43442710125966
97.99885899543732
97.99885899543732
97.99885899543732
98.56656061031477
99.13755088719131
95.76056196257365
94.11545282508624
95.20902171067573
97.43442710125966
97.43442710125966
97.43442710125966
97.43442710125966
97.43442710125966
96.87324609557632
96.31529725464738
96.31529725464738
96.31529725464738
96.87324609557632
96.87324609557632
96.31529725464738
95.20902171067573
90.90953499696329
91.43616857570666
89.86534992826049
86.80420620725057
80.5247132770094
84.82159539743674
91.43616857570666
94.6606580968763
94.6606580968763
93.57338770459413
93.03444464945933
92.4986056779086
92.4986056779086
93.03444464945933
93.57338770459413
93.03444464945933
90.90953499696329
85.3129619008554
87.81282249923149
96.87324609557632
97.99885899543732
97.99885899543732
97.43442710125966
97.43442710125966
97.99885899543732
97.99885899543732
97.99885899543732
97.99885899543732
97.43442710125966
95.20902171067573
89.3477635991859
92.4986056779086
nan
nan
nan
100.28947374140385
100.28947374140385
98.56656061031477
97.43442710125966
96.87324609557632
96.87324609557632
97.43442710125966
97.43442710125966
97.99885899543732
97.43442710125966
96.87324609557632
97.99885899543732
97.99885899543732
97.43442710125966
97.43442710125966
97.99885899543732
97.99885899543732
97.43442710125966
97.43442710125966
97.99885899543732
97.99885899543732
97.99885899543732
97.99885899543732
97.99885899543732
97.43442710125966
97.43442710125966
98.56656061031477
98.56656061031477
98.56656061031477
97.99885899543732
97.99885899543732
97.99885899543732
97.99885899543732
97.43442710125966
97.43442710125966
97.43442710125966
97.99885899543732
97.99885899543732
97.99885899543732
97.99885899543732
97.99885899543732
97.99885899543732
97.43442710125966
95.76056196257365
95.76056196257365
100.28947374140385
99.71184887709214
98.56656061031477
97.99885899543732
97.99885899543732
97.99885899543732
97.99885899543732
97.99885899543732
97.99885899543732
98.56656061031477
98.56656061031477
98.56656061031477
98.56656061031477
97.99885899543732
98.56656061031477
98.56656061031477
98.56656061031477
97.99885899543732
97.99885899543732
97.99885899543732
97.99885899543732
98.56656061031477
98.56656061031477
98.56656061031477
98.56656061031477
98.56656061031477
98.56656061031477
98.56656061031477
98.56656061031477
98.56656061031477
98.56656061031477
97.99885899543732
97.99885899543732
97.99885899543732
97.99885899543732
97.99885899543732
97.99885899543732
97.99885899543732
97.43442710125966
97.43442710125966
96.87324609557632
95.76056196257365
95.20902171067573
94.11545282508624
92.4986056779086
91.43616857570666
91.43616857570666
91.43616857570666
90.90953499696329
90.38593460443693
90.38593460443693
91.43616857570666
92.4986056779086
93.03444464945933
94.11545282508624
95.20902171067573
96.31529725464738
98.56656061031477
99.71184887709214
99.13755088719131
98.56656061031477
97.99885899543732
97.43442710125966
97.43442710125966
97.99885899543732
97.99885899543732
97.43442710125966
97.43442710125966
98.56656061031477
99.13755088719131
98.56656061031477
97.99885899543732
94.6606580968763
89.86534992826049
86.30425076864258
81.46036537576103
83.3644111580719
81.93226047174862
93.03444464945933
91.43616857570666
91.96585291173604
91.43616857570666
91.43616857570666
91.43616857570666
91.43616857570666
91.43616857570666
91.96585291173604
92.4986056779086
92.4986056779086
93.03444464945933
93.57338770459413
93.57338770459413
93.03444464945933
93.03444464945933
93.03444464945933
93.03444464945933
92.4986056779086
92.4986056779086
92.4986056779086
92.4986056779086
91.96585291173604
91.96585291173604
91.96585291173604
91.96585291173604
91.43616857570666
91.43616857570666
90.38593460443693
86.30425076864258
83.3644111580719
81.93226047174862
81.93226047174862
81.93226047174862
82.40688922821748
81.93226047174862
81.93226047174862
81.46036537576103
81.46036537576103
80.9911881955289
80.9911881955289
79.59980805922079
75.5674506101949
nan
nan
nan
nan
75.13221412149176
74.69948441050268
72.99334582862124
71.32617550580554
71.32617550580554
70.91536696417685
71.73936383710603
72.15494574405967
73.4161919793519
nan
nan
nan
nan
nan
nan
83.3644111580719
82.40688922821748
81.93226047174862
81.93226047174862
81.93226047174862
81.93226047174862
81.93226047174862
82.40688922821748
82.40688922821748
78.23233100085048
77.33375603922921
75.5674506101949
75.13221412149176
73.84148765291448
73.84148765291448
71.73936383710603
71.73936383710603
72.15494574405967
72.15494574405967
72.57293509250918
72.57293509250918
74.69948441050268
72.57293509250918
72.57293509250918
72.99334582862124
73.4161919793519
76.44550209132854
81.46036537576103
81.93226047174862
82.88426748110167
83.3644111580719
83.3644111580719
82.88426748110167
82.40688922821748
82.40688922821748
81.93226047174862
81.46036537576103
80.9911881955289
80.5247132770094
80.0609250563203
76.88834637984607
75.13221412149176
73.84148765291448
70.50692450564009
70.91536696417685
72.15494574405967
72.99334582862124
73.84148765291448
73.84148765291448
73.4161919793519
72.99334582862124
75.5674506101949
72.99334582862124
69.29565774421802
73.4161919793519
73.4161919793519
72.15494574405967
nan
nan
nan
84.33305895682803
83.3644111580719
82.88426748110167
82.40688922821748
82.40688922821748
82.40688922821748
82.40688922821748
82.40688922821748
81.93226047174862
81.46036537576103
80.9911881955289
80.5247132770094
80.0609250563203
79.59980805922079
78.68552628393921
75.5674506101949
73.4161919793519
73.4161919793519
73.84148765291448
74.26924703925044
74.69948441050268
74.69948441050268
73.84148765291448
75.13221412149176
76.88834637984607
79.59980805922079
76.88834637984607
81.93226047174862
93.03444464945933
nan
87.30705785825097
87.30705785825097
87.30705785825097
86.80420620725057
87.30705785825097
88.32151700497141
89.86534992826049
91.43616857570666
93.03444464945933
94.11545282508624
94.6606580968763
95.20902171067573
95.76056196257365
96.87324609557632
98.56656061031477
98.56656061031477
98.56656061031477
98.56656061031477
98.56656061031477
97.99885899543732
97.99885899543732
97.43442710125966
97.43442710125966
96.87324609557632
97.43442710125966
97.43442710125966
97.99885899543732
97.99885899543732
98.56656061031477
98.56656061031477
97.99885899543732
97.99885899543732
97.99885899543732
97.99885899543732
98.56656061031477
98.56656061031477
98.56656061031477
97.99885899543732
97.99885899543732
96.87324609557632
96.31529725464738
97.43442710125966
96.87324609557632
96.87324609557632
93.03444464945933
93.03444464945933
93.03444464945933
92.4986056779086
92.4986056779086
92.4986056779086
91.96585291173604
91.96585291173604
91.43616857570666
91.43616857570666
88.83315834800462
88.32151700497141
85.3129619008554
89.86534992826049
92.4986056779086
87.81282249923149
nan
nan
98.56656061031477
98.56656061031477
97.43442710125966
96.31529725464738
95.20902171067573
94.11545282508624
91.96585291173604
92.4986056779086
92.4986056779086
91.96585291173604
93.57338770459413
94.6606580968763
93.57338770459413
93.03444464945933
92.4986056779086
92.4986056779086
91.43616857570666
89.86534992826049
89.3477635991859
89.3477635991859
88.83315834800462
87.30705785825097
93.03444464945933
93.03444464945933
92.4986056779086
92.4986056779086
92.4986056779086
92.4986056779086
92.4986056779086
92.4986056779086
93.03444464945933
93.03444464945933
93.03444464945933
92.4986056779086
92.4986056779086
92.4986056779086
92.4986056779086
92.4986056779086
92.4986056779086
92.4986056779086
91.96585291173604
91.96585291173604
91.43616857570666
88.83315834800462
85.80717486147108
82.88426748110167
81.93226047174862
81.93226047174862
82.40688922821748
82.40688922821748
82.40688922821748
81.93226047174862
81.93226047174862
82.40688922821748
82.40688922821748
82.88426748110167
82.88426748110167
80.9911881955289
80.9911881955289
80.5247132770094
80.5247132770094
nan
nan
nan
nan
nan
nan
nan
nan
nan
nan
nan
nan
nan
nan
65.40639132514966
68.10519982075922
68.10519982075922
68.10519982075922
67.7129427339704
70.10083450255941
70.50692450564009
70.10083450255941
66.54967490706109
67.32294488175604
76.00520839822768
75.13221412149176
77.33375603922921
81.46036537576103
81.93226047174862
83.3644111580719
84.33305895682803
84.82159539743674
84.33305895682803
84.82159539743674
85.80717486147108
87.30705785825097
89.86534992826049
91.43616857570666
91.96585291173604
92.4986056779086
93.03444464945933
93.03444464945933
93.03444464945933
93.03444464945933
92.4986056779086
91.96585291173604
91.96585291173604
91.96585291173604
91.43616857570666
91.43616857570666
91.43616857570666
91.96585291173604
92.4986056779086
93.03444464945933
93.03444464945933
93.57338770459413
93.03444464945933
92.4986056779086
91.96585291173604
91.96585291173604
91.96585291173604
91.43616857570666
90.38593460443693
88.83315834800462
86.30425076864258
83.3644111580719
82.88426748110167
82.40688922821748
82.88426748110167
83.3644111580719
83.3644111580719
82.88426748110167
82.40688922821748
81.46036537576103
80.9911881955289
80.0609250563203
80.9911881955289
82.40688922821748
82.40688922821748
81.93226047174862
81.46036537576103
80.0609250563203
78.23233100085048
75.13221412149176
71.32617550580554
70.91536696417685
71.73936383710603
72.57293509250918
73.4161919793519
74.26924703925044
74.26924703925044
74.69948441050268
74.69948441050268
74.26924703925044
73.84148765291448
73.4161919793519
73.4161919793519
72.57293509250918
70.10083450255941
69.29565774421802
68.89654412432702
69.29565774421802
68.49972922973525
84.33305895682803
86.80420620725057
87.30705785825097
87.81282249923149
88.32151700497141
86.80420620725057
84.82159539743674
83.8473362790669
83.8473362790669
85.3129619008554
88.83315834800462
90.90953499696329
92.4986056779086
92.4986056779086
92.4986056779086
91.43616857570666
86.80420620725057
84.33305895682803
82.88426748110167
86.30425076864258
88.32151700497141
88.83315834800462
88.83315834800462
86.30425076864258
83.8473362790669
81.93226047174862
81.46036537576103
81.46036537576103
81.46036537576103
81.93226047174862
82.88426748110167
83.3644111580719
83.3644111580719
83.3644111580719
84.33305895682803
83.3644111580719
83.3644111580719
82.88426748110167
82.88426748110167
82.40688922821748
82.40688922821748
82.40688922821748
81.93226047174862
81.46036537576103
81.46036537576103
81.46036537576103
81.93226047174862
82.88426748110167
84.33305895682803
85.80717486147108
86.30425076864258
92.4986056779086
93.03444464945933
93.57338770459413
93.57338770459413
94.11545282508624
93.57338770459413
93.57338770459413
93.03444464945933
92.4986056779086
91.96585291173604
93.57338770459413
90.38593460443693
89.86534992826049
89.86534992826049
90.38593460443693
90.38593460443693
90.90953499696329
90.90953499696329
86.80420620725057
84.33305895682803
82.88426748110167
82.40688922821748
81.93226047174862
81.93226047174862
81.93226047174862
81.46036537576103
81.46036537576103
81.93226047174862
81.46036537576103
80.9911881955289
80.5247132770094
80.0609250563203
78.23233100085048
76.88834637984607
73.84148765291448
72.57293509250918
72.57293509250918
72.99334582862124
72.99334582862124
73.4161919793519
73.4161919793519
73.84148765291448
73.4161919793519
73.4161919793519
73.4161919793519
73.4161919793519
72.99334582862124
72.99334582862124
73.4161919793519
73.4161919793519
73.84148765291448
73.84148765291448
73.84148765291448
73.84148765291448
73.4161919793519
73.4161919793519
72.99334582862124
73.4161919793519
73.84148765291448
73.84148765291448
72.99334582862124
85.3129619008554
84.33305895682803
82.88426748110167
81.46036537576103
82.40688922821748
83.3644111580719
83.8473362790669
82.40688922821748
79.59980805922079
82.88426748110167
83.3644111580719
83.8473362790669
85.3129619008554
99.71184887709214
110.63722351746388
110.63722351746388
111.27813843321147
