: 76 3 5
: 94 6 5
: 100 5 8
: 105 4 5
: 129 10 6
: 140 11 3
: 152 6 5
: 159 2 10
: 161 6 8
: 168 10 5
: 179 8 3
: 188 14 1
: 202 8 5
: 211 4 6
: 215 17 5
: 236 5 5
: 244 3 3
: 250 4 5
: 261 18 1
: 280 2 5
: 283 4 6
: 287 10 5
: 301 4 5
: 306 2 4
: 308 11 5
: 319 5 10
: 325 9 3
: 335 7 1
: 342 2 2
: 345 1 5
: 351 8 5
: 359 2 6
: 362 8 5
: 375 2 5
: 386 4 1
: 395 10 1
: 408 11 5
: 419 14 1
: 433 3 3
: 436 7 5
: 447 3 5
: 458 5 5
: 464 6 10
: 470 2 8
: 473 8 3
: 482 19 1
: 502 2 5
: 504 4 6
: 508 6 5
: 521 11 5
: 532 16 1
: 550 5 5
: 559 3 5
: 562 6 6
: 569 3 1
: 574 10 4
: 584 8 5
: 615 2 8
: 617 2 10
: 619 3 8
: 623 2 6
: 625 5 4
: 630 13 6
: 658 2 5
: 666 21 5
: 687 1 1
: 689 1 3
: 691 6 5
: 705 19 1
: 724 1 5
: 726 2 6
: 729 7 5
: 742 2 5
: 753 5 5
: 758 1 8
: 762 7 10
: 769 5 3
: 781 11 1
: 805 4 5
: 811 5 3
: 816 4 5
: 838 4 9
: 842 8 3
: 850 19 1
: 870 5 5
: 876 1 6
: 877 4 5
: 887 19 5
: 907 6 10
: 913 2 8
: 916 4 3
: 925 2 1
: 944 1 6
: 945 1 5
: 947 3 6
: 951 4 5
: 961 24 5
: 986 6 6
: 992 1 1
: 998 31 1
: 1030 24 5
: 1055 5 10
: 1060 6 8
: 1067 1 10
: 1091 7 10
: 1115 12 10
: 1139 2 5
: 1147 2 1
: 1160 6 1
: 1167 2 3
: 1169 6 1
: 1176 8 5
: 1187 13 10
: 1201 22 3
: 1223 29 10
: 1252 1 9
: 1253 13 10
: 1266 22 5
: 1289 30 1
: 1322 12 1
: 1336 3 10
: 1344 12 10
: 1357 4 8
: 1362 24 1
: 1390 14 10
: 1405 1 3
: 1406 18 5
: 1424 10 2
: 1435 2 3
: 1437 9 1
: 1446 8 5
: 1463 4 2
: 1467 5 3
: 1473 1 4
: 1474 22 5
: 1497 16 3
: 1525 11 5
: 1537 6 1
: 1543 3 5
: 1547 6 4
: 1554 2 5
: 1574 7 10
: 1582 1 3
: 1594 10 1
: 1614 3 4
: 1617 4 1
: 1624 5 1
: 1629 22 7
: 1653 14 11
: 1673 3 5
: 1680 2 3
: 1683 3 5
: 1689 9 4
: 1703 42 1
